4 2 1 0000F 00000000 0 
19 4 3 0000C 00000000 0 
20 4 3 0000D 00000000 0 
21 4 3 0000E 00000000 0 
22 4 3 0000F 00000064 0 
25 2 1 00011 00000000 0 
40 4 3 00010 00000000 0 
41 4 3 00011 00000010 0 
42 4 3 00012 00000020 0 
43 4 3 00013 00000000 0 
59 2 2 00007 00000000 0 
74 4 3 00004 00000000 0 
75 4 3 00005 00000000 0 
76 4 3 00006 00000000 0 
77 4 3 00007 00000000 0 
1604 3 1 00012 00000000 0 
1619 2 3 00010 00000000 0 
1620 2 3 00011 00000001 0 
1621 2 3 00012 00000020 0 
1622 2 3 00013 00000000 0 
